# Created by Octave 4.2.1, Thu Feb 08 01:10:48 2018 PST <dylan@ubuntu>
# name: J
# type: scalar
22.22460372568567


# name: R
# type: bool matrix
# rows: 5
# columns: 4
 1 1 0 0
 1 0 0 0
 1 0 0 0
 1 0 0 0
 1 0 0 0


# name: Theta
# type: matrix
# rows: 4
# columns: 3
 0.2854436154321042 -1.684265085744985 0.2629387682498409
 0.5050132141977508 -0.4546484610447612 0.3174624418572172
 -0.4319165610096791 -0.4788044894643126 0.8467111057626113
 0.7285983851255382 -0.2718939052901861 0.3268436042370519


# name: Theta_grad
# type: matrix
# rows: 4
# columns: 3
 0 0 0
 0 0 0
 0 0 0
 0 0 0


# name: Theta_temp
# type: matrix
# rows: 2
# columns: 3
 0.2854436154321042 -1.684265085744985 0.2629387682498409
 0.5050132141977508 -0.4546484610447612 0.3174624418572172


# name: X
# type: matrix
# rows: 5
# columns: 3
 1.048685501766515 -0.400231959974807 1.194119448400868
 0.7808512309967017 -0.3856259111501408 0.5211977859038951
 0.6415088601737823 -0.5478538451937864 -0.08379637792917273
 0.4536178246455854 -0.8002184375679769 0.6804812850198093
 0.9375378888571004 0.106089899023496 0.361952953161411


# name: X_grad
# type: matrix
# rows: 5
# columns: 3
 -2.528991646082334 7.575703079709334 -1.899790261386604
 0 0 0
 0 0 0
 0 0 0
 0 0 0


# name: Y
# type: matrix
# rows: 5
# columns: 4
 5 4 0 0
 3 0 0 0
 4 0 0 0
 3 0 0 0
 3 0 0 0


# name: YTemp
# type: matrix
# rows: 1
# columns: 2
 5 4


# name: Y_temp
# type: matrix
# rows: 1
# columns: 2
 5 4


# name: ans
# type: matrix
# rows: 1
# columns: 2
 -3.71258240563398 -2.909347043448304


# name: argn
# type: sq_string
# elements: 7
# length: 16
[X(:); Theta(:)]
# length: 16
Y               
# length: 16
R               
# length: 16
num_users       
# length: 16
num_movies      
# length: 16
num_features    
# length: 16
0               


# name: idx
# type: lazy_index
# name: index_value
# type: matrix
# rows: 1
# columns: 2
 1 2




# name: inner
# type: matrix
# rows: 5
# columns: 4
 0 0 0.7497624223274741 1.263181498116043
 0 0.7351251388229357 0.2886807927838954 0.844126443756384
 0 0.5464491562513217 -0.08571474390973924 0.5889721308799453
 0 0.8089283271621084 0.7633941909159376 0.7704906863882364
 0 0.5401418817085238 -0.1492648755053581 0.7725454026334704


# name: jdx
# type: lazy_index
# name: index_value
# type: matrix
# rows: 1
# columns: 2
 1 2




# name: lambda
# type: scalar
0


# name: num_features
# type: scalar
3


# name: num_movies
# type: scalar
5


# name: num_users
# type: scalar
4


# name: params
# type: matrix
# rows: 27
# columns: 1
 1.048685501766515
 0.7808512309967017
 0.6415088601737823
 0.4536178246455854
 0.9375378888571004
 -0.400231959974807
 -0.3856259111501408
 -0.5478538451937864
 -0.8002184375679769
 0.106089899023496
 1.194119448400868
 0.5211977859038951
 -0.08379637792917273
 0.6804812850198093
 0.361952953161411
 0.2854436154321042
 0.5050132141977508
 -0.4319165610096791
 0.7285983851255382
 -1.684265085744985
 -0.4546484610447612
 -0.4788044894643126
 -0.2718939052901861
 0.2629387682498409
 0.3174624418572172
 0.8467111057626113
 0.3268436042370519


